C:1
0.00000	0.00000	1.00000
0.00000	1.00000	0.00000
0.00000	0.00000	1.00000
0.65165	0.34188	0.00647
1.00000	0.00000	0.00000
0.00000	0.98374	0.01626
0.00000	0.00000	1.00000
0.00000	1.00000	0.00000
0.00000	0.00000	1.00000
0.65165	0.34188	0.00647
1.00000	0.00000	0.00000
0.00000	0.98374	0.01626
0.00000	0.00000	1.00000
0.00000	1.00000	0.00000
0.00000	0.00000	1.00000
1.00000	0.00000	0.00000
1.00000	0.00000	0.00000
0.62500	0.25000	0.12500

D:1
0.00000	0.00000	1.00000
0.00000	1.00000	0.00000
0.00000	0.00000	1.00000
0.00000	0.97767	0.02233
0.00000	1.00000	0.00000
0.00000	0.98369	0.01631
0.00000	0.00000	1.00000
0.00000	1.00000	0.00000
0.00000	0.00000	1.00000
0.00000	0.98396	0.01604
0.00000	1.00000	0.00000
0.00000	0.98381	0.01619
0.00000	0.00000	1.00000
0.00000	1.00000	0.00000
0.00000	0.00000	1.00000
1.00000	0.00000	0.00000
0.00000	1.00000	0.00000
0.62500	0.25000	0.12500

F:1
0.00000	1.00000	0.00000
0.00000	1.00000	0.00000
0.00000	1.00000	0.00000
0.96801	0.03199	0.00000
0.98666	0.01334	0.00000
0.96845	0.03155	0.00000
0.00000	1.00000	0.00000
0.00000	1.00000	0.00000
0.00000	1.00000	0.00000
0.99170	0.00830	0.00000
1.00000	0.00000	0.00000
0.87134	0.12866	0.00000
0.00000	1.00000	0.00000
1.00000	0.00000	0.00000
0.00000	1.00000	0.00000
0.99948	0.00052	0.00000
0.00000	1.00000	0.00000
0.75000	0.25000	0.00000

